# Frame list with one line of data per frame:
#   FRAME_ID, RIG_ID, RIG_FROM_WORLD[QW, QX, QY, QZ, TX, TY, TZ], NUM_DATA_IDS, DATA_IDS[] as (SENSOR_TYPE, SENSOR_ID, DATA_ID)
# Number of frames: 30
2 1 -0.33413078994734974 0.032393007974758178 0.93944018675697938 0.068988721900895819 -2.6206565771946142 0.048137821401556681 4.4765313315368651 1 CAMERA 1 2
3 1 0.58198200933388422 -0.049831691899052372 -0.80945359367016578 -0.059988523807699673 0.056892278341600482 0.02777367415525182 4.9905795538194759 1 CAMERA 1 3
4 1 0.78106365469891736 -0.061003968816424954 -0.62022208025463832 -0.039276637605887454 0.72025330760278883 0.084031104478655902 2.3144078101400853 1 CAMERA 1 4
5 1 0.91863907904241315 -0.066638716786733596 -0.38892631354144719 -0.019946090248079213 1.406563348213413 0.10691593376682711 0.31019928518258566 1 CAMERA 1 5
6 1 0.99449392209332366 -0.066751915457364724 -0.080671963376862249 0.0042491207482824199 -0.59698586448898439 0.13209212187907268 -0.62880053171294548 1 CAMERA 1 6
7 1 0.87362912955916683 -0.061745959181428806 -0.48162042311227399 -0.031644091891095245 0.037877666985294274 0.13796927453412941 -0.91446692596858414 1 CAMERA 1 7
8 1 0.99021993765387695 -0.058542224407742725 -0.12662909028076411 -0.0015350989582968617 -2.9432364986540649 0.094887135970264005 1.6335214230152895 1 CAMERA 1 8
9 1 0.99478958457418232 -0.057492364125521257 0.082136114767948951 0.018492407653157961 -3.9471037390759558 0.078029620578858108 2.6260174989679195 1 CAMERA 1 9
10 1 0.81475347264483511 -0.043990065787974174 0.57550472080758175 0.055099630246844493 -3.5668208144241129 0.067507994698873988 4.1669497422066186 1 CAMERA 1 10
11 1 -0.061248918150510881 0.021364886749360972 0.99498522070741569 0.076134894847202303 0.66113345120958567 0.071965338196040979 3.5827193258227545 1 CAMERA 1 11
12 1 -0.34263903425834652 0.037907606063950605 0.93604413673743869 0.070589515400456715 -0.023943894879604313 0.085249166368320223 2.5007866798306129 1 CAMERA 1 12
13 1 -0.19607927391285776 0.023816521416028372 0.97726512354819384 0.077062117449365766 -4.0490729322360615 -0.089211653508112929 3.8097985542207722 1 CAMERA 1 13
14 1 -0.42450566653565763 0.040494683318897016 0.90181864776537513 0.069844443190920188 -3.7836666595574453 -0.08501792934735744 5.0941044124954669 1 CAMERA 1 14
15 1 0.82589766328915148 -0.066436952571010274 -0.55845907689544527 -0.040032993139212256 1.6369830866883885 -0.1092156015418999 6.6824680775770169 1 CAMERA 1 15
16 1 0.9695874432000553 -0.065304581084936184 -0.23563233211518911 -0.010625711273035389 2.297759882965535 -0.075972576992980254 2.8468976402992738 1 CAMERA 1 16
17 1 0.63937603173610402 -0.0015920011591242799 -0.76186727817326272 -0.10370152372345416 2.1906433612574356 -0.26232997878595266 1.5971805987342902 1 CAMERA 1 17
18 1 -0.32030945545268186 0.0082629336633952138 0.93806717471003154 0.1317708329123706 2.6691207019463112 -0.45990927930528214 3.0643974834045093 1 CAMERA 1 18
19 1 0.79997381703783299 0.012912863062625299 0.59192913460722041 0.097442545248946452 0.71814037365313266 -0.58578078045771431 3.7370581560723206 1 CAMERA 1 19
20 1 0.90333926132711639 0.010750574092772185 0.4218195022706076 0.077012412024506649 1.3632256376584184 -0.6948371064889679 4.4287753545713784 1 CAMERA 1 20
21 1 0.94323415825155865 0.0028835627878640142 -0.33019257652147638 -0.035691318037177407 -4.2289446429238016 -0.21710240854069573 0.69004646670550207 1 CAMERA 1 21
22 1 0.91552729011837608 0.00048276380299707019 -0.39984590886947263 -0.043963588888519811 -3.5329695309151621 -0.10448630630026476 -0.083235419961094015 1 CAMERA 1 22
23 1 0.89925569618624868 0.0003866807874515575 -0.43467039758620291 -0.04899682455839522 -2.8970748538344746 -0.058296981211865689 -0.37429171640772135 1 CAMERA 1 23
24 1 0.88994134917910805 0.0012164391138590302 -0.45338308210622397 -0.049464089570235903 -1.9720216164462658 -0.04059666278263227 -0.53357377752739066 1 CAMERA 1 24
25 1 0.98931349219553166 0.0058097648195116576 0.14027625470589364 0.03933996896683007 -1.4476989703345082 -0.33563229138712197 1.476002853244806 1 CAMERA 1 25
26 1 0.82382466741658733 0.01192599752712193 0.55811900874194464 0.098355782849008908 0.4915739220561568 -0.50870396631403081 2.682304645083577 1 CAMERA 1 26
27 1 0.68259656975599603 0.014887584807702293 0.7214539658727922 0.11551821459129755 2.1047488849269338 -0.30284576695110688 1.3864536290825851 1 CAMERA 1 27
28 1 0.99960845146107413 0.0043913311920648363 0.019335837713803095 0.019742982496587395 -1.0253576956347941 -0.074052803312390475 -0.17737316178854817 1 CAMERA 1 28
29 1 0.89737078848843022 -0.00045499970832235637 -0.43848564273725332 -0.049556049642967614 0.33516336221627763 0.072351568085160176 -1.0943642970350942 1 CAMERA 1 29
30 1 0.97017433340926817 0.0028869902131231236 -0.24169931421657515 -0.018299442303765887 1.3115347879073518 0.12672068327500149 -1.3680232919112663 1 CAMERA 1 30
31 1 0.99859686139511994 0.0029413189352603675 -0.052331449293442883 0.0075548970598355459 1.8317857404255804 0.15326109981157426 -1.6128925681225008 1 CAMERA 1 31
